<?xml version="1.0"?>
<opencv_storage>
<calibration_time>"mié 17 oct 2018 13:39:31 CEST"</calibration_time>
<nr_of_frames>50</nr_of_frames>
<image_width>640</image_width>
<image_height>360</image_height>
<board_width>8</board_width>
<board_height>6</board_height>
<square_size>50.</square_size>
<fix_aspect_ratio>1.</fix_aspect_ratio>
<!-- flags: +fix_aspectRatio +fix_principal_point +zero_tangent_dist +fix_k4 +fix_k5 -->
<flags>6158</flags>
<fisheye_model>0</fisheye_model>
<camera_matrix type_id="opencv-matrix">
  <rows>3</rows>
  <cols>3</cols>
  <dt>d</dt>
  <data>
    4.9770403850488134e+02 0. 320. 0. 4.9770403850488134e+02 180. 0. 0.
    1.</data></camera_matrix>
<distortion_coefficients type_id="opencv-matrix">
  <rows>5</rows>
  <cols>1</cols>
  <dt>d</dt>
  <data>
    2.1599532154414788e-01 -8.8019899198961404e-01 0. 0.
    1.0444988093203089e+00</data></distortion_coefficients>
<avg_reprojection_error>9.6233129144032992e-01</avg_reprojection_error>
<per_view_reprojection_errors type_id="opencv-matrix">
  <rows>50</rows>
  <cols>1</cols>
  <dt>f</dt>
  <data>
    4.99633849e-01 5.27610242e-01 4.90508258e-01 4.39651966e-01
    6.42119110e-01 7.59878159e-01 1.71211195e+00 2.06372309e+00
    1.96486712e+00 1.96897292e+00 1.72406292e+00 8.84638727e-01
    4.78282124e-01 6.05242372e-01 8.50742996e-01 1.06871235e+00
    1.33612275e+00 1.70773280e+00 2.14885664e+00 1.35368288e+00
    1.16132259e+00 1.10405362e+00 9.89121318e-01 8.74357700e-01
    7.56050289e-01 6.82697296e-01 5.65653384e-01 5.29035032e-01
    5.08607984e-01 4.83752400e-01 4.90240425e-01 4.80398595e-01
    5.04014432e-01 4.86863136e-01 4.72086340e-01 4.69549209e-01
    5.08821845e-01 5.40686607e-01 5.59475899e-01 5.46357036e-01
    5.83110332e-01 5.83810508e-01 5.81283927e-01 6.39409542e-01
    6.05594933e-01 5.35234749e-01 5.13432622e-01 4.89723831e-01
    4.89101768e-01 4.73892987e-01</data></per_view_reprojection_errors>
<!-- a set of 6-tuples (rotation vector + translation vector) for each view -->
<extrinsic_parameters type_id="opencv-matrix">
  <rows>50</rows>
  <cols>6</cols>
  <dt>d</dt>
  <data>
    1.2228028532964232e-01 -8.5144629823024370e-02
    3.0442080915041171e-02 -1.9522179722212874e+02
    -1.2729848434714170e+02 5.8018409206045249e+02
    1.2036645200787394e-01 -8.5396886701087207e-02
    2.9989302239155250e-02 -1.9709283750103958e+02
    -1.2636749553181107e+02 5.8007876442273300e+02
    1.2041785813663057e-01 -8.4259650969586555e-02
    2.8843169033338698e-02 -1.9876184323842332e+02
    -1.2532241374031962e+02 5.7995827942874348e+02
    1.1735680567081372e-01 -8.0973943466134984e-02
    2.8042287243747036e-02 -1.9966249766521537e+02
    -1.2443357135337702e+02 5.8053117496680227e+02
    1.2164734270268460e-01 -6.5510216654895218e-02
    2.7962882627310035e-02 -1.9717227638860567e+02
    -1.2386504485411210e+02 5.8398732566525462e+02
    1.2089713900801242e-01 -5.1855529164339755e-02
    2.9484805627274596e-02 -1.9325856999737857e+02
    -1.2640357365897420e+02 5.8559385246738509e+02
    1.3632946475167385e-01 6.2485181542548023e-03 3.2534821298995480e-02
    -1.7189078816722611e+02 -1.2999103587846915e+02
    5.9577735049503781e+02 1.5137711207946977e-01 4.4783495410283737e-02
    3.8588948823161169e-02 -1.5380862242064444e+02
    -1.3495174173264331e+02 6.0247938119400737e+02
    1.4405905562656415e-01 7.8156091479915937e-02 4.8743954902587719e-02
    -1.3408796431964106e+02 -1.4129474980798992e+02
    6.0796942029576155e+02 1.4347827695359669e-01 1.1066709802291184e-01
    5.7220842206042129e-02 -1.1531001021589726e+02
    -1.4466962911299629e+02 6.1214370104612203e+02
    1.5348588871234248e-01 1.8364368073196399e-01 6.6316050645438468e-02
    -7.7108694800292284e+01 -1.4868815337462451e+02
    6.2375267748898148e+02 1.4672597082576253e-01 1.9709690454896536e-01
    7.0858742864624596e-02 -6.5824879611114625e+01
    -1.4984526633330560e+02 6.2506506499933812e+02
    1.4506979780133544e-01 1.9973354249296985e-01 7.2210797360811749e-02
    -6.4167115237312075e+01 -1.4890601647617152e+02
    6.2314183535765108e+02 1.4477222577116644e-01 1.9935983780397423e-01
    6.9877274766101283e-02 -6.8734771397651329e+01
    -1.4743461546050656e+02 6.2211416341493225e+02
    1.4167043759373629e-01 1.9540251433749764e-01 6.7038143277376797e-02
    -7.7352627567405293e+01 -1.4565262445133476e+02
    6.2118412123529220e+02 1.3287481125524764e-01 1.8868738616351541e-01
    6.6154625679089488e-02 -8.8505543633657354e+01
    -1.4414418654344362e+02 6.2173450956439285e+02
    1.2041308064682602e-01 1.8100241116831761e-01 6.9596748008624074e-02
    -1.0227096337495419e+02 -1.4274342191484095e+02
    6.2132902960240801e+02 1.0592542635132846e-01 1.6273545732594749e-01
    7.5832660638133834e-02 -1.2032889532771469e+02
    -1.4037892828673819e+02 6.1896778818519306e+02
    8.2324816461514086e-02 1.3540115549734402e-01 7.9893999477454680e-02
    -1.6240590722604657e+02 -1.3343491647576738e+02
    6.1025948801982918e+02 1.0313754893078560e-01 1.1041733743710949e-01
    7.5576213419463495e-02 -1.8197774064473563e+02
    -1.2868065761674103e+02 6.0673538048145747e+02
    1.0750407069848912e-01 1.0199507270573371e-01 7.2925992166419470e-02
    -1.9572392675160623e+02 -1.3081030080058181e+02
    6.0453991303171006e+02 9.8420031136131125e-02 1.0134810150066129e-01
    7.0210942324653886e-02 -2.0868668634063613e+02
    -1.3144891344923724e+02 6.0086561116980124e+02
    1.0608932065228784e-01 9.1253225458958476e-02 6.7429383929116529e-02
    -2.2086185073800391e+02 -1.3111795378751893e+02
    5.9607530042046062e+02 1.1955331552881189e-01 8.5504168017876636e-02
    6.5695740695933869e-02 -2.3056106728498202e+02
    -1.3366903090676868e+02 5.9124761045126104e+02
    1.2209959550394031e-01 8.2530482012774950e-02 6.2969817381605689e-02
    -2.3899199338852611e+02 -1.3571937575128143e+02
    5.8738268851468092e+02 1.1563924657089530e-01 8.4118492593083322e-02
    5.9438563240164229e-02 -2.4722396933228941e+02
    -1.3470031599750408e+02 5.8466831131478511e+02
    1.2263318670216226e-01 8.2175331463489404e-02 5.3997215987365912e-02
    -2.5477182967690385e+02 -1.3136535097334024e+02
    5.8059786506681212e+02 1.2327151086232987e-01 7.5901042900979404e-02
    4.8268973115607933e-02 -2.6081791490996858e+02
    -1.2725147586501214e+02 5.7727532141904612e+02
    1.2540247683210587e-01 7.4891776802575971e-02 4.1211272615538981e-02
    -2.6560609320158676e+02 -1.2289868253475569e+02
    5.7460236227100006e+02 1.2474391280980572e-01 6.7909450068052588e-02
    2.6558894411699747e-02 -2.7289084388767600e+02
    -1.1497508258409695e+02 5.7050019905454042e+02
    1.2795534386771612e-01 6.7059494262013880e-02 1.9221504769392786e-02
    -2.7618815950712519e+02 -1.1039610643545065e+02
    5.6798197807966426e+02 1.3099438175746062e-01 6.6727067622583694e-02
    1.2331636718218162e-02 -2.7838596684161820e+02
    -1.0687249985516159e+02 5.6545641475611808e+02
    1.3364210490771242e-01 6.7669355645906509e-02 5.8198484828683840e-03
    -2.7968720398325786e+02 -1.0335375678924716e+02
    5.6372496643936984e+02 1.3255286416514792e-01 6.7514938919779124e-02
    2.0971060292873990e-03 -2.8059588691597946e+02
    -1.0054562464961528e+02 5.6327249668667309e+02
    1.3056145602874175e-01 6.3485948540741272e-02 2.2524812884505672e-04
    -2.8196308654629934e+02 -9.8318736412985430e+01
    5.6267983966408838e+02 1.2496631296667185e-01 5.7326652733505325e-02
    -4.6550780937840544e-05 -2.8451632568605152e+02
    -9.7619920718344190e+01 5.6084465565659866e+02
    1.2243280800012868e-01 5.2996094630769500e-02
    -3.3684548962136781e-04 -2.8785611664066658e+02
    -9.6799242588696629e+01 5.5802130765587765e+02
    1.3210385438933533e-01 4.7575141915350928e-02 4.6270034703572933e-04
    -2.9076778581824544e+02 -9.6857834322484010e+01
    5.5446958799327410e+02 1.3731840701740905e-01 4.5384805909956270e-02
    1.8380778180659223e-03 -2.9227045773708761e+02
    -9.8967113389608826e+01 5.5226504101664591e+02
